81 
0 9 1 
1 2 1 
2 11 1 
2 3 1 
2 1 1 
3 2 1 
4 13 1 
4 5 1 
5 14 1 
5 6 1 
5 4 1 
6 7 1 
6 5 1 
7 8 1 
7 6 1 
8 7 1 
9 0 1 
9 10 1 
10 19 1 
10 9 1 
11 2 1 
11 20 1 
11 12 1 
12 13 1 
12 11 1 
13 4 1 
13 12 1 
14 5 1 
14 15 1 
15 16 1 
15 14 1 
16 17 1 
16 15 1 
17 26 1 
17 16 1 
18 27 1 
18 19 1 
19 10 1 
19 18 1 
20 11 1 
20 21 1 
21 22 1 
21 20 1 
22 31 1 
22 21 1 
23 24 1 
24 33 1 
24 25 1 
24 23 1 
25 24 1 
26 17 1 
26 35 1 
27 18 1 
27 28 1 
28 37 1 
28 27 1 
29 38 1 
29 30 1 
30 39 1 
30 29 1 
31 22 1 
31 40 1 
32 41 1 
32 33 1 
33 24 1 
33 42 1 
33 32 1 
34 43 1 
34 35 1 
35 26 1 
35 34 1 
36 45 1 
36 37 1 
37 28 1 
37 36 1 
38 29 1 
38 47 1 
38 39 1 
39 30 1 
39 38 1 
40 31 1 
40 41 1 
41 32 1 
41 40 1 
42 33 1 
42 51 1 
43 34 1 
43 44 1 
44 53 1 
44 43 1 
45 36 1 
45 54 1 
46 47 1 
47 38 1 
47 48 1 
47 46 1 
48 57 1 
48 49 1 
48 47 1 
49 48 1 
50 59 1 
50 51 1 
51 42 1 
51 52 1 
51 50 1 
52 51 1 
53 44 1 
53 62 1 
54 45 1 
54 55 1 
55 56 1 
55 54 1 
56 65 1 
56 55 1 
57 48 1 
57 66 1 
57 58 1 
58 59 1 
58 57 1 
59 50 1 
59 60 1 
59 58 1 
60 59 1 
61 70 1 
61 62 1 
62 53 1 
62 71 1 
62 61 1 
63 72 1 
64 73 1 
64 65 1 
65 56 1 
65 64 1 
66 57 1 
67 76 1 
67 68 1 
68 69 1 
68 67 1 
69 78 1 
69 68 1 
70 61 1 
70 79 1 
71 62 1 
71 80 1 
72 63 1 
72 73 1 
73 64 1 
73 74 1 
73 72 1 
74 75 1 
74 73 1 
75 76 1 
75 74 1 
76 67 1 
76 75 1 
77 78 1 
78 69 1 
78 79 1 
78 77 1 
79 70 1 
79 78 1 
80 71 1 
